movie_id,image_seq,angry,disgust,fear,happy,sad,surprise,neutral,dominant_emotion
93663f94-bf0a-4ce8-a29a-a5236cc7fe6a,0,4.31735,0.000594264,2.87979,1.65035,2.77998,0.600814,87.7711,neutral
93663f94-bf0a-4ce8-a29a-a5236cc7fe6a,1,53.2253,2.98164,12.7368,1.52347,1.05132,27.2168,1.26462,angry
93663f94-bf0a-4ce8-a29a-a5236cc7fe6a,2,8.79651,0.0294681,2.96816,16.8315,39.8846,0.279335,31.2105,sad
93663f94-bf0a-4ce8-a29a-a5236cc7fe6a,3,9.45303,0.106778,1.55308,20.9301,3.50387,0.909426,63.5437,neutral
93663f94-bf0a-4ce8-a29a-a5236cc7fe6a,4,56.0002,4.15241e-06,0.162231,5.58358,0.197026,12.8076,25.2494,angry
93663f94-bf0a-4ce8-a29a-a5236cc7fe6a,5,0.635349,7.41791e-09,0.218106,0.00321777,1.95524,0.012085,97.176,neutral
93663f94-bf0a-4ce8-a29a-a5236cc7fe6a,6,6.41279,0.000238746,4.53791,0.134349,3.56569,0.555717,84.7933,neutral
93663f94-bf0a-4ce8-a29a-a5236cc7fe6a,7,29.8132,1.36594,31.5051,5.55513,11.357,2.18964,18.214,fear
93663f94-bf0a-4ce8-a29a-a5236cc7fe6a,8,22.6169,1.41985,4.5667,10.238,16.807,1.23658,43.115,neutral
93663f94-bf0a-4ce8-a29a-a5236cc7fe6a,9,3.73857,2.47844e-07,0.0792186,0.185183,1.32847,0.894686,93.7739,neutral
93663f94-bf0a-4ce8-a29a-a5236cc7fe6a,10,11.4881,0.0189812,5.4253,1.46825,9.31519,0.349985,71.9342,neutral
93663f94-bf0a-4ce8-a29a-a5236cc7fe6a,11,37.8121,0.00194457,2.65793,4.88018,5.27883,4.57332,44.7957,neutral
93663f94-bf0a-4ce8-a29a-a5236cc7fe6a,12,9.24685,1.53225e-05,6.53988,0.1113,7.12,6.46127,70.5207,neutral
93663f94-bf0a-4ce8-a29a-a5236cc7fe6a,13,1.89022,5.09271e-05,0.657695,0.0280769,10.7342,0.0184925,86.6713,neutral
93663f94-bf0a-4ce8-a29a-a5236cc7fe6a,14,29.7403,0.00128793,1.82235,12.032,0.176336,50.7308,5.49689,surprise
93663f94-bf0a-4ce8-a29a-a5236cc7fe6a,15,12.891,0.00911221,18.7378,44.4955,0.697675,20.4603,2.70864,happy
93663f94-bf0a-4ce8-a29a-a5236cc7fe6a,16,6.74951,7.05203e-09,0.605867,0.20725,1.64998,10.7429,80.0445,neutral
93663f94-bf0a-4ce8-a29a-a5236cc7fe6a,17,30.5844,3.17373,7.44941,1.1716,17.2202,0.438537,39.9622,neutral
93663f94-bf0a-4ce8-a29a-a5236cc7fe6a,19,22.6007,0.0232085,29.007,4.91913,0.563153,40.0568,2.83002,surprise
93663f94-bf0a-4ce8-a29a-a5236cc7fe6a,20,0.230204,0.00346889,6.77328,0.9269,6.64218,0.0280013,85.396,neutral
93663f94-bf0a-4ce8-a29a-a5236cc7fe6a,21,5.48561,0.0021643,5.35824,12.886,5.57801,0.965111,69.7249,neutral
93663f94-bf0a-4ce8-a29a-a5236cc7fe6a,22,0.577003,1.34761e-06,1.90354,0.017416,18.6789,0.00304767,78.8201,neutral
93663f94-bf0a-4ce8-a29a-a5236cc7fe6a,23,0.345538,1.00477e-05,2.49901,0.0668958,9.6103,0.158707,87.3195,neutral
93663f94-bf0a-4ce8-a29a-a5236cc7fe6a,24,4.34449,0.0765402,4.49993,2.97926,10.2293,0.345107,77.5253,neutral
93663f94-bf0a-4ce8-a29a-a5236cc7fe6a,25,6.84598,8.58513,61.6829,4.52284,6.76865,1.44967,10.1448,fear
93663f94-bf0a-4ce8-a29a-a5236cc7fe6a,26,43.0625,0.0947089,13.9066,1.0679,17.8175,2.32154,21.7293,angry
93663f94-bf0a-4ce8-a29a-a5236cc7fe6a,27,33.5487,0.293167,15.3897,2.56098,4.52076,8.23125,35.4554,neutral
93663f94-bf0a-4ce8-a29a-a5236cc7fe6a,28,0.343192,3.45715e-07,1.76885,0.053372,7.29065e-05,97.8344,0.000117244,surprise
93663f94-bf0a-4ce8-a29a-a5236cc7fe6a,29,0.331004,0.000757144,0.45537,0.407898,1.42596,0.0285615,97.3505,neutral
93663f94-bf0a-4ce8-a29a-a5236cc7fe6a,30,0.560908,0.0164582,75.6386,13.3193,5.91873,2.1591,2.38696,fear
93663f94-bf0a-4ce8-a29a-a5236cc7fe6a,31,1.42375,0.000347306,59.0498,0.0170521,2.32791,23.9878,13.1934,fear
93663f94-bf0a-4ce8-a29a-a5236cc7fe6a,32,61.7616,6.0345e-05,0.614401,0.181273,5.96784,0.602892,30.8719,angry
93663f94-bf0a-4ce8-a29a-a5236cc7fe6a,33,24.0234,0.00122722,3.77048,0.154141,0.292284,69.75,2.00839,surprise
93663f94-bf0a-4ce8-a29a-a5236cc7fe6a,34,0.517647,0.00249133,94.9818,0.386285,0.456248,3.65369,0.00188002,fear
93663f94-bf0a-4ce8-a29a-a5236cc7fe6a,35,5.73706,2.40091e-10,2.64278,4.60498e-06,73.8519,6.5259e-05,17.7682,sad
93663f94-bf0a-4ce8-a29a-a5236cc7fe6a,36,2.59239,0.00344359,71.0003,1.47633,16.124,0.997341,7.80624,fear
93663f94-bf0a-4ce8-a29a-a5236cc7fe6a,37,17.7046,7.24207e-05,0.914774,0.106477,44.31,0.0256279,36.9384,sad
93663f94-bf0a-4ce8-a29a-a5236cc7fe6a,38,9.3263,0.179396,7.50131,4.05947,25.5403,0.0555778,53.3377,neutral
93663f94-bf0a-4ce8-a29a-a5236cc7fe6a,39,4.99331,0.158397,64.3045,1.36268,4.1064,1.21001,23.8647,fear
93663f94-bf0a-4ce8-a29a-a5236cc7fe6a,40,0.171384,9.44226e-05,0.307663,0.542489,1.09426,0.0610762,97.823,neutral
93663f94-bf0a-4ce8-a29a-a5236cc7fe6a,41,10.7171,0.0297783,8.51462,0.805729,12.0486,0.627845,67.2562,neutral
93663f94-bf0a-4ce8-a29a-a5236cc7fe6a,42,0.979154,5.98304e-07,0.313705,0.132627,0.625089,0.126746,97.8227,neutral
93663f94-bf0a-4ce8-a29a-a5236cc7fe6a,43,1.84468,0.0242668,74.5601,7.45117,1.98285,0.40778,13.7292,fear
93663f94-bf0a-4ce8-a29a-a5236cc7fe6a,44,37.436,0.000421396,2.58582,0.022295,52.1997,0.0126725,7.74309,sad
93663f94-bf0a-4ce8-a29a-a5236cc7fe6a,45,1.57122,0.0126577,56.9819,0.555477,14.6323,0.343783,25.9027,fear
93663f94-bf0a-4ce8-a29a-a5236cc7fe6a,46,0.164384,6.72149e-08,0.694917,0.00435339,2.41858,0.0481443,96.6696,neutral
93663f94-bf0a-4ce8-a29a-a5236cc7fe6a,47,13.0692,0.550422,15.6817,51.4384,13.4811,1.21983,4.55935,happy
93663f94-bf0a-4ce8-a29a-a5236cc7fe6a,48,3.94821,0.00955752,0.120839,4.78502,11.5489,0.0123209,79.5752,neutral
93663f94-bf0a-4ce8-a29a-a5236cc7fe6a,49,0.347422,6.38971e-05,6.75774,0.082858,13.3189,0.0232918,79.4697,neutral
93663f94-bf0a-4ce8-a29a-a5236cc7fe6a,50,46.9672,0.00020552,1.77683,28.6907,0.188982,20.4609,1.91518,angry
93663f94-bf0a-4ce8-a29a-a5236cc7fe6a,51,11.4079,0.023195,11.2591,3.20707,12.4699,1.69221,59.9406,neutral
93663f94-bf0a-4ce8-a29a-a5236cc7fe6a,52,71.1725,8.51415e-05,5.75654,0.254491,5.11072,8.80042,8.9053,angry
93663f94-bf0a-4ce8-a29a-a5236cc7fe6a,53,59.5819,0.0210813,21.4116,0.125168,9.68029,0.915371,8.26453,angry
93663f94-bf0a-4ce8-a29a-a5236cc7fe6a,54,1.6832,1.11991e-07,3.33622,3.98013e-05,91.5636,0.000367175,3.41653,sad
93663f94-bf0a-4ce8-a29a-a5236cc7fe6a,55,6.90915,0.00115252,38.985,19.8201,1.67128,20.3661,12.2472,fear
93663f94-bf0a-4ce8-a29a-a5236cc7fe6a,57,1.39394,0.000383183,20.6086,0.0558705,1.77897,2.58155,73.5807,neutral
93663f94-bf0a-4ce8-a29a-a5236cc7fe6a,59,13.5113,1.4539,28.364,5.67092,27.7544,1.0724,22.1731,fear
93663f94-bf0a-4ce8-a29a-a5236cc7fe6a,60,2.30382,0.000170375,66.5249,1.40476,3.16517,6.58744,20.0138,fear
93663f94-bf0a-4ce8-a29a-a5236cc7fe6a,61,42.4961,6.87706e-05,8.71667,0.823081,18.479,1.26375,28.2214,angry
93663f94-bf0a-4ce8-a29a-a5236cc7fe6a,62,5.33016,0.138695,4.26616,66.2223,10.3176,1.54849,12.1766,happy
93663f94-bf0a-4ce8-a29a-a5236cc7fe6a,63,3.00623,0.25645,71.4018,3.31896,17.9332,0.658682,3.42465,fear
93663f94-bf0a-4ce8-a29a-a5236cc7fe6a,65,0.557307,4.56057e-07,1.47404,0.00370501,1.71337,0.201613,96.05,neutral
93663f94-bf0a-4ce8-a29a-a5236cc7fe6a,66,8.498,0.034197,9.166,1.55826,70.8729,0.0521416,9.81849,sad
93663f94-bf0a-4ce8-a29a-a5236cc7fe6a,67,57.2295,0.000669647,3.14597,3.59689,4.20499,0.21966,31.6023,angry
93663f94-bf0a-4ce8-a29a-a5236cc7fe6a,68,7.75089,21.5089,40.9572,5.60192,5.77371,11.7535,6.65396,fear
93663f94-bf0a-4ce8-a29a-a5236cc7fe6a,69,11.6053,0.174342,1.82199,7.44926,11.0737,1.6181,66.2573,neutral
93663f94-bf0a-4ce8-a29a-a5236cc7fe6a,70,61.2276,0.0176388,13.4765,0.772174,5.35902,8.76696,10.3802,angry
93663f94-bf0a-4ce8-a29a-a5236cc7fe6a,71,5.89018,0.0180262,84.9939,3.22583,1.45474,2.91292,1.50436,fear
93663f94-bf0a-4ce8-a29a-a5236cc7fe6a,72,21.4241,0.053185,2.00737,3.95,4.03066,0.660535,67.8742,neutral
93663f94-bf0a-4ce8-a29a-a5236cc7fe6a,73,2.45798,9.37204,9.5389,32.4658,41.2659,0.878572,4.02077,sad
93663f94-bf0a-4ce8-a29a-a5236cc7fe6a,75,4.89265,0.000222468,0.276787,17.4222,2.22918,0.707575,74.4714,neutral
93663f94-bf0a-4ce8-a29a-a5236cc7fe6a,76,8.42547,0.101945,1.39533,11.0875,5.09123,0.630006,73.2685,neutral
93663f94-bf0a-4ce8-a29a-a5236cc7fe6a,77,1.61874,0.013703,0.955855,7.83338,12.1273,0.0865547,77.3645,neutral
93663f94-bf0a-4ce8-a29a-a5236cc7fe6a,78,67.0309,0.0174782,5.41933,2.6731,1.91184,7.59721,15.3502,angry
93663f94-bf0a-4ce8-a29a-a5236cc7fe6a,80,1.03942,9.02421e-05,14.7859,0.152082,0.00490304,84.0172,0.000486862,surprise
93663f94-bf0a-4ce8-a29a-a5236cc7fe6a,82,1.74324,0.0127675,8.90398,3.4132,34.3953,0.165059,51.3665,neutral
93663f94-bf0a-4ce8-a29a-a5236cc7fe6a,83,14.1849,0.830467,53.1759,5.01639,5.38367,7.00945,14.3993,fear
93663f94-bf0a-4ce8-a29a-a5236cc7fe6a,84,3.64011,0.0268279,72.0056,1.51253,4.85831,3.14633,14.8103,fear
93663f94-bf0a-4ce8-a29a-a5236cc7fe6a,85,4.92836,0.00343311,64.6208,1.30237,1.59511,26.5407,1.00932,fear
93663f94-bf0a-4ce8-a29a-a5236cc7fe6a,87,4.24207,0.00199911,38.3563,0.000278417,56.088,0.232915,1.07852,sad
93663f94-bf0a-4ce8-a29a-a5236cc7fe6a,88,7.11108,2.17768e-07,6.13468,4.03503e-05,0.0161062,86.6896,0.048516,surprise
93663f94-bf0a-4ce8-a29a-a5236cc7fe6a,89,4.93507,0.280023,57.3569,7.78013,5.05821,2.82773,21.762,fear
93663f94-bf0a-4ce8-a29a-a5236cc7fe6a,90,1.57152,0.0976368,6.36687,14.0107,37.5029,1.3765,39.0738,neutral
93663f94-bf0a-4ce8-a29a-a5236cc7fe6a,91,2.27476,0.0306318,14.9949,4.76802,8.16543,0.970922,68.7954,neutral
93663f94-bf0a-4ce8-a29a-a5236cc7fe6a,92,4.32456,2.44321e-06,3.71496,3.59563e-05,90.4187,8.17663e-06,1.54175,sad
93663f94-bf0a-4ce8-a29a-a5236cc7fe6a,93,11.0323,1.36344e-06,6.36812,0.00385918,51.5796,0.0196815,30.9964,sad
93663f94-bf0a-4ce8-a29a-a5236cc7fe6a,94,19.8264,0.000431234,0.196329,0.768515,0.0620354,48.5571,30.5892,surprise
