movie_id,image_seq,angry,disgust,fear,happy,sad,surprise,neutral,dominant_emotion
813af424-a584-4417-b7ee-0d4c705e83c9,0,0.33447,1.19928e-06,13.7867,0.302347,0.539346,10.4479,74.5893,neutral
813af424-a584-4417-b7ee-0d4c705e83c9,1,0.840043,9.23426e-05,2.24265,0.560995,0.417769,0.0221573,95.9163,neutral
813af424-a584-4417-b7ee-0d4c705e83c9,2,2.2902,0.000180987,5.7317,0.132673,3.99038,0.0112243,87.8436,neutral
813af424-a584-4417-b7ee-0d4c705e83c9,3,0.417658,7.77657e-07,0.0636674,0.0170221,0.10712,0.000130422,99.3944,neutral
813af424-a584-4417-b7ee-0d4c705e83c9,4,0.219031,5.96938e-06,2.21105,0.103567,0.352093,0.0351897,97.0791,neutral
813af424-a584-4417-b7ee-0d4c705e83c9,5,17.0809,0.00210251,21.5372,0.418204,0.822231,0.237434,59.902,neutral
813af424-a584-4417-b7ee-0d4c705e83c9,6,0.191912,7.32534e-06,1.95819,0.647679,0.331687,0.684438,96.1861,neutral
813af424-a584-4417-b7ee-0d4c705e83c9,7,3.20399,0.00138361,26.628,0.737735,1.48898,7.59505,60.3449,neutral
813af424-a584-4417-b7ee-0d4c705e83c9,8,0.425868,3.06735e-05,1.47856,0.446717,0.450304,0.0191504,97.1794,neutral
813af424-a584-4417-b7ee-0d4c705e83c9,9,3.70908,0.00289699,43.3286,0.474712,0.700955,13.959,37.8247,fear
813af424-a584-4417-b7ee-0d4c705e83c9,10,3.81024,0.000872779,10.0654,0.289551,2.71481,0.327652,82.7915,neutral
813af424-a584-4417-b7ee-0d4c705e83c9,11,1.18958,8.12408e-05,0.582621,0.177855,0.858312,0.0216088,97.1699,neutral
813af424-a584-4417-b7ee-0d4c705e83c9,12,3.68363,0.00037349,2.26043,71.7457,3.31381,0.00292236,18.9932,happy
813af424-a584-4417-b7ee-0d4c705e83c9,13,1.3246,7.05862e-07,0.296672,0.00637078,2.96325,1.59123e-05,95.4091,neutral
813af424-a584-4417-b7ee-0d4c705e83c9,14,1.37538,8.92055e-07,0.256532,0.0120905,1.74936,3.33618e-05,96.6066,neutral
813af424-a584-4417-b7ee-0d4c705e83c9,15,30.8574,0.000435154,1.80892,0.0229128,10.2781,7.57029e-05,57.0322,neutral
813af424-a584-4417-b7ee-0d4c705e83c9,16,38.8325,0.0404947,38.3363,8.80618,1.28393,1.93628,10.7643,angry
813af424-a584-4417-b7ee-0d4c705e83c9,17,39.4038,0.0227614,1.13763,0.0610935,9.82133,0.000223246,49.5531,neutral
813af424-a584-4417-b7ee-0d4c705e83c9,18,0.769982,1.17494e-07,0.0873852,0.00980365,0.048419,0.00721475,99.0772,neutral
813af424-a584-4417-b7ee-0d4c705e83c9,19,59.1938,0.0941533,16.6437,3.13094,2.06814,0.158067,18.7112,angry
813af424-a584-4417-b7ee-0d4c705e83c9,20,1.1315,0.000153994,3.51517,2.67621,1.46073,0.0401437,91.1761,neutral
813af424-a584-4417-b7ee-0d4c705e83c9,21,0.115426,1.41768e-08,0.0459355,0.0194747,0.127372,0.00222245,99.6896,neutral
813af424-a584-4417-b7ee-0d4c705e83c9,22,0.336177,2.93225e-07,0.0659282,0.0520071,0.340095,0.00101805,99.2048,neutral
813af424-a584-4417-b7ee-0d4c705e83c9,23,1.73904,1.32807e-05,11.1766,0.881014,0.326297,0.377827,85.4992,neutral
813af424-a584-4417-b7ee-0d4c705e83c9,24,0.134471,4.81583e-08,0.74308,0.0384499,0.118148,0.0404547,98.9254,neutral
813af424-a584-4417-b7ee-0d4c705e83c9,25,2.83187,1.89156e-07,0.261086,34.5715,0.116215,0.0114635,62.2079,neutral
813af424-a584-4417-b7ee-0d4c705e83c9,26,0.186377,2.17543e-06,0.99731,0.00714948,0.458489,5.3081e-05,98.3506,neutral
813af424-a584-4417-b7ee-0d4c705e83c9,27,1.97038,0.00228043,52.6894,0.233979,0.741742,4.83207,39.5301,fear
813af424-a584-4417-b7ee-0d4c705e83c9,28,3.43408,0.000277318,7.85282,1.73661,0.511124,0.805685,85.6594,neutral
813af424-a584-4417-b7ee-0d4c705e83c9,29,12.7836,0.00823453,45.2055,1.09613,0.752258,2.17514,37.9792,fear
813af424-a584-4417-b7ee-0d4c705e83c9,30,0.820978,2.45278e-07,0.092223,0.0249707,0.154484,0.0253485,98.882,neutral
813af424-a584-4417-b7ee-0d4c705e83c9,31,25.8409,0.00242385,20.2286,10.8481,7.49415,1.27586,34.31,neutral
813af424-a584-4417-b7ee-0d4c705e83c9,32,0.501847,2.01745e-07,0.411384,0.0626592,1.38724,3.2497e-05,97.6368,neutral
813af424-a584-4417-b7ee-0d4c705e83c9,33,1.32458,0.000141016,8.32737,0.723361,0.830741,0.454529,88.3393,neutral
813af424-a584-4417-b7ee-0d4c705e83c9,34,0.817064,0.000182368,14.5066,13.8795,0.369036,0.0820124,70.3456,neutral
813af424-a584-4417-b7ee-0d4c705e83c9,35,8.44287,0.000537598,1.21617,4.02081,3.10494,0.418474,82.7962,neutral
813af424-a584-4417-b7ee-0d4c705e83c9,36,0.312893,6.57285e-06,0.275164,0.0260521,0.304198,0.00154302,99.0801,neutral
813af424-a584-4417-b7ee-0d4c705e83c9,37,3.4009,0.00159409,51.5892,0.462831,1.13323,0.058503,43.3537,fear
813af424-a584-4417-b7ee-0d4c705e83c9,38,0.140588,5.16679e-08,0.0681255,0.00507321,0.328096,4.23986e-05,99.4581,neutral
813af424-a584-4417-b7ee-0d4c705e83c9,39,1.44018,2.29615e-05,1.33425,0.336672,0.206476,0.0557951,96.6266,neutral
813af424-a584-4417-b7ee-0d4c705e83c9,40,0.0372631,1.26819e-07,0.693179,0.309968,0.228459,0.286259,98.4449,neutral
813af424-a584-4417-b7ee-0d4c705e83c9,41,1.44038,2.3129e-06,0.0378843,1.99013,0.175787,0.136774,96.219,neutral
813af424-a584-4417-b7ee-0d4c705e83c9,42,1.2848,5.38253e-07,0.719903,0.0170174,0.158331,0.032449,97.7875,neutral
813af424-a584-4417-b7ee-0d4c705e83c9,43,8.87454,0.000106094,49.3023,1.07666,0.382636,6.58769,33.7761,fear
813af424-a584-4417-b7ee-0d4c705e83c9,44,3.27669,3.33168e-07,0.957441,0.00299637,6.2102,3.68351e-05,89.5526,neutral
813af424-a584-4417-b7ee-0d4c705e83c9,45,1.65495,2.64983e-05,4.44322,0.118131,0.367697,0.0700523,93.3459,neutral
813af424-a584-4417-b7ee-0d4c705e83c9,46,30.431,0.316243,33.2726,1.0021,8.67419,5.70101,20.6028,fear
813af424-a584-4417-b7ee-0d4c705e83c9,47,50.9612,0.00675276,5.73675,0.596607,7.01772,0.108846,35.5721,angry
813af424-a584-4417-b7ee-0d4c705e83c9,48,0.136583,1.39445e-08,0.323874,0.0369913,0.217193,0.0121841,99.2732,neutral
813af424-a584-4417-b7ee-0d4c705e83c9,49,14.1128,0.0139332,11.342,0.341057,2.84191,0.0413143,71.307,neutral
813af424-a584-4417-b7ee-0d4c705e83c9,50,28.761,0.00766972,32.2824,0.8944,0.544774,1.95413,35.5557,neutral
813af424-a584-4417-b7ee-0d4c705e83c9,51,11.4742,0.00294884,6.77083,0.148765,12.048,0.00132776,69.5539,neutral
813af424-a584-4417-b7ee-0d4c705e83c9,52,0.819885,3.97997e-05,16.6627,0.51416,1.54771,0.857624,79.5979,neutral
813af424-a584-4417-b7ee-0d4c705e83c9,53,1.80954,1.8298e-05,0.479149,0.467633,1.64304,0.0537925,95.5468,neutral
813af424-a584-4417-b7ee-0d4c705e83c9,54,1.10729,0.000163935,1.67277,0.529786,0.247818,1.23811,95.2041,neutral
813af424-a584-4417-b7ee-0d4c705e83c9,55,25.989,0.197336,27.9701,0.0738717,28.9078,0.00475868,16.8572,sad
813af424-a584-4417-b7ee-0d4c705e83c9,56,0.0645063,1.01436e-07,0.127439,1.4447,0.172941,0.00943144,98.181,neutral
813af424-a584-4417-b7ee-0d4c705e83c9,57,0.125589,1.71701e-07,0.325938,0.0369599,0.299408,0.00487013,99.2072,neutral
813af424-a584-4417-b7ee-0d4c705e83c9,58,43.3802,0.0219561,39.183,2.19281,5.19213,1.19151,8.83834,angry
813af424-a584-4417-b7ee-0d4c705e83c9,59,0.077709,1.02943e-07,0.81058,0.00532768,0.023555,0.0336727,99.0492,neutral
813af424-a584-4417-b7ee-0d4c705e83c9,60,2.0749,0.0024863,87.6325,1.76866,2.13614,0.48862,5.89666,fear
813af424-a584-4417-b7ee-0d4c705e83c9,61,0.621484,2.81931e-06,0.188673,0.144093,1.04069,0.00200395,98.0031,neutral
813af424-a584-4417-b7ee-0d4c705e83c9,62,41.5168,0.000682087,28.9216,0.59425,1.6032,0.339201,27.0243,angry
813af424-a584-4417-b7ee-0d4c705e83c9,63,17.9757,0.00402705,28.5952,0.339265,15.4703,0.0506472,37.5649,neutral
813af424-a584-4417-b7ee-0d4c705e83c9,64,0.177203,3.30699e-08,0.0295038,0.0144192,0.101772,0.000977507,99.6761,neutral
813af424-a584-4417-b7ee-0d4c705e83c9,65,0.0350283,1.07018e-07,0.550189,0.776652,0.067556,0.0207746,98.5498,neutral
813af424-a584-4417-b7ee-0d4c705e83c9,66,26.7206,0.0388311,65.0577,0.230199,0.804235,1.9346,5.21384,fear
813af424-a584-4417-b7ee-0d4c705e83c9,67,0.0301654,3.22115e-10,0.0103661,0.00212315,0.0686523,0.000163305,99.8885,neutral
813af424-a584-4417-b7ee-0d4c705e83c9,68,0.262896,1.96614e-09,0.012267,0.286885,0.386118,0.000124858,99.0517,neutral
813af424-a584-4417-b7ee-0d4c705e83c9,69,1.52188,0.000163963,4.22462,0.474974,3.37695,0.0337879,90.3676,neutral
813af424-a584-4417-b7ee-0d4c705e83c9,70,0.081992,2.10364e-09,0.021788,0.114012,0.0655984,0.0114541,99.7052,neutral
813af424-a584-4417-b7ee-0d4c705e83c9,71,9.93155,0.000711899,30.1262,0.314636,0.077581,58.7581,0.791256,surprise
813af424-a584-4417-b7ee-0d4c705e83c9,72,0.33044,1.44484e-06,0.194653,0.0816318,0.223018,0.00333971,99.1669,neutral
813af424-a584-4417-b7ee-0d4c705e83c9,73,0.367077,1.14052e-06,0.87373,0.0791714,0.0622428,0.00896493,98.6088,neutral
813af424-a584-4417-b7ee-0d4c705e83c9,74,0.076694,2.59726e-08,0.046198,0.0302562,0.0439963,0.000229398,99.8026,neutral
813af424-a584-4417-b7ee-0d4c705e83c9,75,1.40285,2.67732e-05,2.60365,0.0361132,1.54729,0.000686386,94.4094,neutral
813af424-a584-4417-b7ee-0d4c705e83c9,76,0.0258457,1.09446e-08,0.845663,0.00327758,0.00799239,6.3418e-05,99.1172,neutral
813af424-a584-4417-b7ee-0d4c705e83c9,77,0.0379861,3.41497e-08,0.17306,0.0933517,0.0250125,0.0133223,99.6573,neutral
813af424-a584-4417-b7ee-0d4c705e83c9,78,20.4085,0.227628,66.4706,1.06609,0.528573,4.00949,7.28911,fear
813af424-a584-4417-b7ee-0d4c705e83c9,79,0.880989,0.000168456,0.793315,2.29337,0.524425,0.0123663,95.4954,neutral
813af424-a584-4417-b7ee-0d4c705e83c9,80,1.7224,2.99416e-06,4.11536,0.205996,0.79448,0.402301,92.7595,neutral
813af424-a584-4417-b7ee-0d4c705e83c9,81,1.71585,4.06346e-05,4.63492,8.82258,0.716364,0.550705,83.5595,neutral
813af424-a584-4417-b7ee-0d4c705e83c9,82,5.66651,0.00337756,1.97416,0.280647,2.87182,0.0431923,89.1603,neutral
813af424-a584-4417-b7ee-0d4c705e83c9,83,16.8109,0.00484648,51.532,0.763864,0.180252,19.2286,11.4795,fear
813af424-a584-4417-b7ee-0d4c705e83c9,84,33.6265,0.00274954,33.4216,2.97941,0.278051,11.1227,18.569,angry
813af424-a584-4417-b7ee-0d4c705e83c9,85,50.6103,0.000385644,18.9727,0.165591,0.29709,0.02366,29.9302,angry
813af424-a584-4417-b7ee-0d4c705e83c9,86,1.51113,7.13271e-05,9.16494,0.340818,0.17815,1.83514,86.9697,neutral
813af424-a584-4417-b7ee-0d4c705e83c9,87,1.93847,6.72161e-05,0.79248,0.0849893,1.25467,0.0129138,95.9164,neutral
813af424-a584-4417-b7ee-0d4c705e83c9,88,12.8425,0.00626864,23.7584,2.34558,4.93913,12.296,43.8122,neutral
813af424-a584-4417-b7ee-0d4c705e83c9,89,0.530628,5.0461e-06,0.234769,0.211941,0.205621,0.486571,98.3305,neutral
813af424-a584-4417-b7ee-0d4c705e83c9,90,0.0345345,2.04787e-08,0.183499,0.0148415,0.00830248,0.725079,99.0338,neutral
813af424-a584-4417-b7ee-0d4c705e83c9,91,0.154308,8.5511e-11,0.00450065,0.0393203,0.0219545,0.00127791,99.7786,neutral
813af424-a584-4417-b7ee-0d4c705e83c9,92,0.403022,1.7137e-07,0.0328381,0.588332,0.462608,5.17915e-05,98.5132,neutral
