movie_id,image_seq,angry,disgust,fear,happy,sad,surprise,neutral,dominant_emotion
6b0386fc-41de-4196-b0d6-3d0b815c2dbc,0,1.91403,2.0095e-07,2.10526,0.00137411,0.179918,0.475532,95.3239,neutral
6b0386fc-41de-4196-b0d6-3d0b815c2dbc,1,0.273406,2.41508e-06,0.04648,0.113288,0.156266,0.0226295,99.3879,neutral
6b0386fc-41de-4196-b0d6-3d0b815c2dbc,2,0.0870412,2.28578e-10,0.025851,8.18497e-05,0.186978,0.0020264,99.698,neutral
6b0386fc-41de-4196-b0d6-3d0b815c2dbc,3,2.45216,9.03017e-07,0.333398,0.0066855,1.72124,0.0190108,95.4675,neutral
6b0386fc-41de-4196-b0d6-3d0b815c2dbc,4,0.181937,2.03753e-07,0.0187036,0.20784,0.00253625,7.80531,91.7837,neutral
6b0386fc-41de-4196-b0d6-3d0b815c2dbc,5,0.295551,4.48338e-08,0.000545753,0.0193505,0.00887107,0.00043073,99.6752,neutral
6b0386fc-41de-4196-b0d6-3d0b815c2dbc,6,1.41499,1.25217e-06,0.664505,0.00184603,0.25693,0.0174373,97.6443,neutral
6b0386fc-41de-4196-b0d6-3d0b815c2dbc,7,3.24843,8.59833e-06,1.68874,0.0135866,7.55274,0.0258553,87.4706,neutral
6b0386fc-41de-4196-b0d6-3d0b815c2dbc,8,1.28279,6.25667e-05,8.23762,21.3946,0.245196,1.81814,67.0216,neutral
6b0386fc-41de-4196-b0d6-3d0b815c2dbc,9,0.0132937,1.76503e-12,0.00061654,0.000107273,0.000250516,0.00194688,99.9838,neutral
6b0386fc-41de-4196-b0d6-3d0b815c2dbc,10,4.14039,3.65219e-05,3.73063,0.125948,2.36256,0.0987541,89.5417,neutral
6b0386fc-41de-4196-b0d6-3d0b815c2dbc,11,0.0931709,5.70329e-11,0.0358602,9.04678e-06,0.0164573,0.000547094,99.854,neutral
6b0386fc-41de-4196-b0d6-3d0b815c2dbc,12,0.0787536,1.59293e-08,0.156843,0.0140159,0.0778769,0.325963,99.3465,neutral
6b0386fc-41de-4196-b0d6-3d0b815c2dbc,13,0.908614,8.0741e-05,1.09519,0.480918,1.04508,0.187637,96.2825,neutral
6b0386fc-41de-4196-b0d6-3d0b815c2dbc,14,0.228847,1.13905e-09,0.00221376,0.00100742,0.011549,0.000152695,99.7562,neutral
6b0386fc-41de-4196-b0d6-3d0b815c2dbc,15,0.0107865,2.47488e-09,0.0138065,0.0246832,0.0053555,0.00380376,99.9416,neutral
6b0386fc-41de-4196-b0d6-3d0b815c2dbc,16,1.46855,1.62185e-06,0.191106,0.00232719,1.63013,0.00268765,96.7052,neutral
6b0386fc-41de-4196-b0d6-3d0b815c2dbc,17,1.06449,9.47147e-08,0.134291,0.00255629,0.768663,0.00439854,98.0256,neutral
6b0386fc-41de-4196-b0d6-3d0b815c2dbc,18,10.3007,0.00367505,28.7566,1.10074,5.95443,0.330228,53.5537,neutral
6b0386fc-41de-4196-b0d6-3d0b815c2dbc,19,4.99566,0.000142198,3.77281,0.11561,0.655414,3.5393,86.9211,neutral
6b0386fc-41de-4196-b0d6-3d0b815c2dbc,20,0.549138,2.52548e-06,0.332919,0.121001,0.0960685,0.58593,98.3149,neutral
6b0386fc-41de-4196-b0d6-3d0b815c2dbc,21,1.01954,3.33835e-06,0.361111,0.292841,0.33914,0.0376764,97.9497,neutral
6b0386fc-41de-4196-b0d6-3d0b815c2dbc,22,0.0932267,5.97725e-10,0.00506449,0.000326149,0.00473156,0.0205885,99.8761,neutral
6b0386fc-41de-4196-b0d6-3d0b815c2dbc,23,3.79454,0.000318959,2.79365,0.533369,0.166394,0.71852,91.9932,neutral
6b0386fc-41de-4196-b0d6-3d0b815c2dbc,24,2.82681,7.64276e-05,1.38075,0.0224398,0.867783,0.483337,94.4188,neutral
6b0386fc-41de-4196-b0d6-3d0b815c2dbc,25,0.0608172,3.16345e-09,0.00673885,0.00142357,0.013186,0.00839322,99.9094,neutral
6b0386fc-41de-4196-b0d6-3d0b815c2dbc,26,0.581637,3.18315e-06,0.470733,0.0404655,0.9737,0.0152757,97.9182,neutral
6b0386fc-41de-4196-b0d6-3d0b815c2dbc,27,2.30699,0.000723464,3.60909,0.895651,2.11455,0.320407,90.7526,neutral
6b0386fc-41de-4196-b0d6-3d0b815c2dbc,28,0.152416,6.21773e-09,0.0449945,0.00231472,0.0341768,0.0266115,99.7395,neutral
6b0386fc-41de-4196-b0d6-3d0b815c2dbc,29,0.0767058,1.19692e-06,0.0402867,0.0580654,0.0399272,0.120852,99.6642,neutral
6b0386fc-41de-4196-b0d6-3d0b815c2dbc,30,1.66558,1.15223e-06,0.140851,0.000855717,6.99352,0.00357075,91.1956,neutral
6b0386fc-41de-4196-b0d6-3d0b815c2dbc,31,0.187016,4.09327e-08,0.0144941,0.0332031,0.0126091,0.155832,99.5968,neutral
6b0386fc-41de-4196-b0d6-3d0b815c2dbc,32,1.68056,1.43345e-06,0.729893,0.00876143,0.485637,0.896873,96.1983,neutral
6b0386fc-41de-4196-b0d6-3d0b815c2dbc,33,0.534761,5.98266e-06,0.406665,0.0147093,1.23469,0.0207413,97.7884,neutral
6b0386fc-41de-4196-b0d6-3d0b815c2dbc,34,1.72071,1.03322e-05,1.33646,0.0659663,0.375558,1.16833,95.333,neutral
6b0386fc-41de-4196-b0d6-3d0b815c2dbc,35,2.19474,9.62122e-05,1.06065,1.36078,0.147521,0.445629,94.7906,neutral
6b0386fc-41de-4196-b0d6-3d0b815c2dbc,36,0.821597,3.5817e-08,0.072701,0.000230617,1.00026,0.0013291,98.1039,neutral
6b0386fc-41de-4196-b0d6-3d0b815c2dbc,37,0.16057,1.13692e-06,0.17027,0.0532201,0.142162,0.0103325,99.4634,neutral
6b0386fc-41de-4196-b0d6-3d0b815c2dbc,38,12.9773,0.0101252,11.4656,0.655532,3.79033,1.16174,69.9394,neutral
6b0386fc-41de-4196-b0d6-3d0b815c2dbc,39,12.0367,0.000248589,13.3914,0.700146,0.382927,31.5864,41.9021,neutral
6b0386fc-41de-4196-b0d6-3d0b815c2dbc,40,7.85064,4.89995e-05,5.12386,0.498187,0.801416,1.48066,84.2452,neutral
6b0386fc-41de-4196-b0d6-3d0b815c2dbc,41,1.74243,7.72412e-05,0.866126,0.784202,0.475326,14.4778,81.654,neutral
6b0386fc-41de-4196-b0d6-3d0b815c2dbc,42,4.06275,0.00181189,54.9997,1.82247,0.336821,6.89384,31.8827,fear
6b0386fc-41de-4196-b0d6-3d0b815c2dbc,43,0.603546,4.62404e-09,0.251244,0.000404008,0.4969,0.0248015,98.6231,neutral
6b0386fc-41de-4196-b0d6-3d0b815c2dbc,44,1.1341,2.60744e-06,0.223599,0.0133752,0.585672,0.0996665,97.9436,neutral
6b0386fc-41de-4196-b0d6-3d0b815c2dbc,45,0.484461,7.26466e-09,0.129967,0.000141405,1.12832,0.000695594,98.2564,neutral
6b0386fc-41de-4196-b0d6-3d0b815c2dbc,46,0.624273,4.57488e-06,0.92024,0.0597181,0.114731,1.85608,96.4249,neutral
6b0386fc-41de-4196-b0d6-3d0b815c2dbc,47,0.0352452,1.8137e-08,0.00575758,0.293842,0.0146441,0.0332407,99.6173,neutral
6b0386fc-41de-4196-b0d6-3d0b815c2dbc,48,0.00623196,2.35113e-12,0.00109321,2.71335e-05,0.000579983,0.000713205,99.9914,neutral
6b0386fc-41de-4196-b0d6-3d0b815c2dbc,49,0.113106,2.48159e-06,0.0655399,0.376731,0.104632,0.0459071,99.2941,neutral
6b0386fc-41de-4196-b0d6-3d0b815c2dbc,50,0.40156,6.54936e-08,0.326214,0.0116044,0.0744857,0.117452,99.0687,neutral
6b0386fc-41de-4196-b0d6-3d0b815c2dbc,51,0.981859,1.76341e-05,0.899376,0.142588,0.958034,0.223508,96.7946,neutral
6b0386fc-41de-4196-b0d6-3d0b815c2dbc,52,0.659687,7.33662e-05,0.26209,0.117515,0.792916,0.0506192,98.1171,neutral
6b0386fc-41de-4196-b0d6-3d0b815c2dbc,53,0.115607,1.97709e-07,0.0467285,0.00378491,0.687257,0.00166713,99.145,neutral
6b0386fc-41de-4196-b0d6-3d0b815c2dbc,54,0.735235,1.42801e-06,0.152699,0.022947,0.18259,0.206606,98.6999,neutral
6b0386fc-41de-4196-b0d6-3d0b815c2dbc,55,1.07727,4.19032e-06,0.358794,0.0118614,1.75635,0.0204351,96.7753,neutral
6b0386fc-41de-4196-b0d6-3d0b815c2dbc,56,2.01635,5.68822e-05,9.50454,3.52845,0.276732,0.752909,83.921,neutral
6b0386fc-41de-4196-b0d6-3d0b815c2dbc,57,7.06729,0.00136394,12.2825,1.14368,0.850749,20.9391,57.7154,neutral
6b0386fc-41de-4196-b0d6-3d0b815c2dbc,58,0.28951,1.52487e-06,0.500996,0.394667,0.108428,0.486592,98.2198,neutral
6b0386fc-41de-4196-b0d6-3d0b815c2dbc,59,3.77659,3.82048e-05,4.25352,0.0636612,0.464123,11.4138,80.0282,neutral
6b0386fc-41de-4196-b0d6-3d0b815c2dbc,60,1.14826,1.22077e-05,0.907739,0.291269,0.199906,4.53473,92.9181,neutral
6b0386fc-41de-4196-b0d6-3d0b815c2dbc,61,0.773584,7.37843e-08,0.150539,0.000611091,0.467013,0.00182447,98.6064,neutral
6b0386fc-41de-4196-b0d6-3d0b815c2dbc,62,0.33754,1.22907e-08,0.0387034,7.80748e-05,0.122777,0.000678066,99.5002,neutral
6b0386fc-41de-4196-b0d6-3d0b815c2dbc,63,0.000721704,3.07221e-11,0.113647,0.0610884,0.00372649,0.0316303,99.7892,neutral
6b0386fc-41de-4196-b0d6-3d0b815c2dbc,64,0.00310637,2.49725e-09,0.0390892,0.0210131,0.0124148,0.000977394,99.9234,neutral
6b0386fc-41de-4196-b0d6-3d0b815c2dbc,65,0.00626324,1.26406e-11,0.000805804,0.000235543,0.00173298,0.00118549,99.9898,neutral
6b0386fc-41de-4196-b0d6-3d0b815c2dbc,66,3.24339,9.28208e-06,1.10175,0.232081,0.350589,2.04225,93.0299,neutral
6b0386fc-41de-4196-b0d6-3d0b815c2dbc,67,0.0250789,1.00195e-08,0.0128185,0.00847096,0.0121294,0.0329061,99.9086,neutral
6b0386fc-41de-4196-b0d6-3d0b815c2dbc,68,2.61319,6.95583e-07,1.36865,0.000887609,3.18435,0.00240178,92.8305,neutral
6b0386fc-41de-4196-b0d6-3d0b815c2dbc,69,5.30907,2.63524e-06,12.1044,0.00376093,12.4439,0.0816175,70.0573,neutral
6b0386fc-41de-4196-b0d6-3d0b815c2dbc,70,0.0910987,3.4988e-08,0.154955,0.0129088,0.0196592,0.010167,99.7112,neutral
6b0386fc-41de-4196-b0d6-3d0b815c2dbc,71,0.00821892,1.13202e-12,0.000592642,1.75011e-05,0.00103343,0.000491553,99.9896,neutral
6b0386fc-41de-4196-b0d6-3d0b815c2dbc,72,0.00624784,8.99913e-10,0.00465794,0.00179262,0.115937,0.000233803,99.8711,neutral
6b0386fc-41de-4196-b0d6-3d0b815c2dbc,73,0.935054,0.000243901,0.371169,8.81892,0.328444,0.376611,89.1696,neutral
6b0386fc-41de-4196-b0d6-3d0b815c2dbc,74,0.0574998,5.41037e-08,0.148928,0.224084,0.0141685,4.49223,95.0631,neutral
6b0386fc-41de-4196-b0d6-3d0b815c2dbc,75,8.12002,0.00180503,8.82935,0.340318,1.66208,2.6847,78.3617,neutral
6b0386fc-41de-4196-b0d6-3d0b815c2dbc,76,0.025089,2.07476e-09,0.044829,0.00368515,0.00609251,0.00809631,99.9122,neutral
6b0386fc-41de-4196-b0d6-3d0b815c2dbc,77,5.57402,1.08608e-05,5.65255,0.0222069,3.45266,0.706125,84.5924,neutral
6b0386fc-41de-4196-b0d6-3d0b815c2dbc,78,5.79767,0.000347195,6.10584,0.374933,1.94667,0.104301,85.6702,neutral
6b0386fc-41de-4196-b0d6-3d0b815c2dbc,79,0.0700114,9.91588e-08,0.129621,1.24312,0.255223,0.00125145,98.3008,neutral
6b0386fc-41de-4196-b0d6-3d0b815c2dbc,80,6.7218,4.85548e-06,8.61661,0.0214764,0.563478,6.58915,77.4875,neutral
6b0386fc-41de-4196-b0d6-3d0b815c2dbc,81,5.59713,0.0001411,7.0954,0.0232654,2.97192,0.54974,83.7624,neutral
6b0386fc-41de-4196-b0d6-3d0b815c2dbc,82,0.128637,7.64714e-08,0.48055,0.0429442,0.00640797,1.05991,98.2815,neutral
6b0386fc-41de-4196-b0d6-3d0b815c2dbc,83,0.0113978,9.40345e-13,0.0127107,8.82291e-06,0.00791989,0.00160044,99.9664,neutral
6b0386fc-41de-4196-b0d6-3d0b815c2dbc,84,0.294484,3.60585e-07,0.193849,0.0169026,0.375998,0.479349,98.6394,neutral
6b0386fc-41de-4196-b0d6-3d0b815c2dbc,85,0.512282,1.07737e-08,1.47517,0.000830677,0.0307569,2.06646,95.9145,neutral
6b0386fc-41de-4196-b0d6-3d0b815c2dbc,86,0.313366,8.94211e-09,0.0341163,0.00385029,0.113783,0.00983442,99.5251,neutral
6b0386fc-41de-4196-b0d6-3d0b815c2dbc,87,0.0409921,5.88646e-11,0.00114961,0.00218526,0.00208399,0.000683175,99.9529,neutral
6b0386fc-41de-4196-b0d6-3d0b815c2dbc,88,0.00189413,1.41941e-10,0.0105776,0.00416764,0.00760483,0.00414106,99.9716,neutral
6b0386fc-41de-4196-b0d6-3d0b815c2dbc,89,1.5584,2.20083e-05,3.61041,0.132707,0.805525,0.543911,93.349,neutral
6b0386fc-41de-4196-b0d6-3d0b815c2dbc,90,0.0269702,5.0174e-10,0.0834331,0.00209141,0.0111065,0.0274835,99.8489,neutral
6b0386fc-41de-4196-b0d6-3d0b815c2dbc,91,4.43312,0.00081666,8.50902,5.97503,3.95613,0.23703,76.8889,neutral
6b0386fc-41de-4196-b0d6-3d0b815c2dbc,92,0.0989425,3.60364e-09,0.0102104,0.00247603,0.0273797,0.00246965,99.8585,neutral
6b0386fc-41de-4196-b0d6-3d0b815c2dbc,93,0.121231,1.61067e-08,0.140584,0.00239233,0.0129214,0.455312,99.2676,neutral
6b0386fc-41de-4196-b0d6-3d0b815c2dbc,94,0.55084,1.17873e-05,0.390834,0.0143854,0.640622,0.106405,98.2969,neutral
6b0386fc-41de-4196-b0d6-3d0b815c2dbc,95,0.651484,2.47447e-07,0.102803,0.00704906,0.242923,0.0152874,98.9805,neutral
6b0386fc-41de-4196-b0d6-3d0b815c2dbc,96,0.142217,5.47207e-08,0.0828744,0.00338424,0.101493,0.00447512,99.6656,neutral
6b0386fc-41de-4196-b0d6-3d0b815c2dbc,97,0.0457481,7.12258e-08,0.0962856,0.0656403,0.0524427,0.0975523,99.6423,neutral
6b0386fc-41de-4196-b0d6-3d0b815c2dbc,98,2.6111,0.0107494,9.37963,0.932389,17.9412,0.0050339,69.1199,neutral
